1452462446.634098
1452462452.619466
1452462452.639627
1452462452.659816
1452462452.679996
1452462452.700179
1452462452.720357
1452462452.740526
1452462452.760736
1452462452.780842
1452462452.800935
1452462452.821062
1452462452.841194
1452462452.861277
1452462452.881385
1452462452.901488
1452462452.921600
1452462452.941702
1452462452.961825
1452462452.981941
1452462453.002098
1452462453.022167
1452462453.042259
1452462453.062358
1452462453.082459
1452462453.102583
1452462453.122671
1452462453.142761
1452462453.162915
1452462453.183026
1452462453.203147
1452462453.223255
1452462453.243355
1452462453.263457
1452462453.283560
1452462453.303752
1452462453.323806
1452462453.343904
1452462453.364018
1452462453.384106
1452462453.404218
1452462453.424314
1452462453.444426
1452462453.464552
1452462453.484641
1452462453.504738
1452462453.524849
1452462453.544936
1452462453.565047
1452462453.585148
1452462453.605308
1452462453.625445
1452462453.645620
1452462453.665771
1452462453.685943
1452462453.706097
1452462453.726255
1452462453.746415
1452462453.766578
1452462453.786669
1452462453.806781
1452462453.826876
1452462453.846999
1452462453.867093
1452462453.887193
1452462453.907275
1452462453.927378
1452462453.947475
1452462453.967565
1452462453.987669
1452462454.007823
1452462454.027862
1452462454.047957
1452462454.068038
1452462454.088140
1452462454.108227
1452462454.128318
1452462454.148409
1452462454.168496
1452462454.188603
1452462454.208721
1452462454.228808
1452462454.248917
1452462454.268998
1452462454.289138
1452462454.309284
1452462454.329350
1452462454.349447
1452462454.369585
1452462454.389673
1452462454.409797
1452462454.429888
1452462454.450018
1452462454.470118
1452462454.490236
1452462454.510326
1452462454.530449
1452462454.550541
1452462454.570661
1452462454.590760
1452462454.610949
1452462454.631110
1452462454.651284
1452462454.671444
1452462454.691610
1452462454.711763
1452462454.731921
1452462454.752085
1452462454.772242
1452462454.792345
1452462454.812452
1452462454.832568
1452462454.852674
1452462454.872766
1452462454.892870
1452462454.912976
1452462454.933098
1452462454.953219
1452462454.973304
1452462454.993418
1452462455.013591
1452462455.033628
1452462455.053719
1452462455.073822
1452462455.093905
1452462455.114042
1452462455.134120
1452462455.154239
1452462455.174335
1452462455.194458
1452462455.214565
1452462455.234669
1452462455.254766
1452462455.274870
1452462455.294978
1452462455.315181
1452462455.335209
1452462455.355372
1452462455.375422
1452462455.395516
1452462455.415611
1452462455.435742
1452462455.455844
1452462455.475933
1452462455.496038
1452462455.516128
1452462455.536217
1452462455.556310
1452462455.576404
1452462455.596527
1452462455.616678
1452462455.636818
1452462455.656984
1452462455.677134
1452462455.697301
1452462455.717430
1452462455.737601
1452462455.757748
1452462455.777858
1452462455.797951
1452462455.818061
1452462455.838169
1452462455.858253
1452462455.878332
1452462455.898441
1452462455.918527
1452462455.938631
1452462455.958731
1452462455.978844
1452462455.999009
1452462456.019053
1452462456.039139
1452462456.059254
1452462456.079391
1452462456.099520
1452462456.119619
1452462456.139714
1452462456.159845
1452462456.179952
1452462456.200063
1452462456.220194
1452462456.240308
1452462456.260413
1452462456.280523
1452462456.300627
1452462456.320798
1452462456.340861
1452462456.360979
1452462456.381081
1452462456.401192
1452462456.421293
1452462456.441410
1452462456.461522
1452462456.481628
1452462456.501718
1452462456.521828
1452462456.541917
1452462456.562030
1452462456.582107
1452462456.602271
1452462456.622411
1452462456.642592
1452462456.662747
1452462456.682939
1452462456.703089
1452462456.723360
1452462456.743504
1452462456.763661
1452462456.783752
1452462456.803855
1452462456.824011
1452462456.844089
1452462456.864154
1452462456.884267
1452462456.904353
1452462456.924477
1452462456.944566
1452462456.964693
1452462456.984791
1452462457.004956
1452462457.025004
1452462457.045092
1452462457.065178
1452462457.085316
1452462457.105419
1452462457.125493
1452462457.145587
1452462457.165670
1452462457.186015
1452462457.206140
1452462457.226226
1452462457.246324
1452462457.266410
1452462457.286512
1452462457.306613
1452462457.326774
1452462457.346808
1452462457.366951
1452462457.387032
1452462457.407127
1452462457.427218
1452462457.447353
1452462457.467492
1452462457.487545
1452462457.507624
1452462457.527731
1452462457.547809
1452462457.567918
1452462457.588007
1452462457.608156
1452462457.628290
1452462457.648472
1452462457.668604
1452462457.688779
1452462457.708913
1452462457.729153
1452462457.749331
1452462457.769527
1452462457.789603
1452462457.809737
1452462457.829861
1452462457.850016
1452462457.870086
1452462457.890210
1452462457.910305
1452462457.930425
1452462457.950539
1452462457.970653
1452462457.990761
1452462458.010940
1452462458.030983
1452462458.051094
1452462458.071187
1452462458.091313
1452462458.111407
1452462458.131537
1452462458.151641
1452462458.171726
1452462458.191862
1452462458.211983
1452462458.232087
1452462458.252187
1452462458.272295
1452462458.292427
1452462458.312534
1452462458.332680
1452462458.352752
1452462458.372861
1452462458.392965
1452462458.413064
1452462458.433213
1452462458.453317
1452462458.473420
1452462458.493510
1452462458.513613
1452462458.533701
1452462458.553799
1452462458.573889
1452462458.594045
1452462458.614178
1452462458.634334
1452462458.654493
1452462458.674668
1452462458.694817
1452462458.714972
1452462458.735140
1452462458.755300
1452462458.775427
1452462458.795589
1452462458.815658
1452462458.835768
1452462458.855845
1452462458.875933
1452462458.896046
1452462458.916142
1452462458.936235
1452462458.956339
1452462458.976436
1452462458.996545
1452462459.016682
1452462459.036732
1452462459.056837
1452462459.076916
1452462459.097036
1452462459.117123
1452462459.137219
1452462459.157315
1452462459.177402
1452462459.197540
1452462459.217659
1452462459.237744
1452462459.257849
1452462459.277935
1452462459.298047
1452462459.318131
1452462459.338284
1452462459.358340
1452462459.378451
1452462459.398572
1452462459.418664
1452462459.438749
1452462459.458869
1452462459.478954
1452462459.499038
1452462459.519156
1452462459.539266
1452462459.559372
1452462459.579508
1452462459.599668
1452462459.619796
1452462459.639977
1452462459.660141
1452462459.680339
1452462459.700504
1452462459.720681
1452462459.740852
1452462459.761036
1452462459.781142
1452462459.801260
1452462459.821370
1452462459.841505
1452462459.861601
1452462459.881709
1452462459.901806
1452462459.921939
1452462459.942011
1452462459.962138
1452462459.982246
1452462460.002363
1452462460.022501
1452462460.042556
1452462460.062656
1452462460.082756
1452462460.102877
1452462460.122975
1452462460.143058
1452462460.163189
1452462460.183264
1452462460.203411
1452462460.223510
1452462460.243625
1452462460.263706
1452462460.283853
1452462460.303917
1452462460.324147
1452462460.344177
1452462460.364249
1452462460.384322
1452462460.404437
1452462460.424521
1452462460.444642
1452462460.464738
1452462460.484835
1452462460.504929
1452462460.525033
1452462460.545115
1452462460.565228
1452462460.585328
1452462460.605489
1452462460.625624
1452462460.645828
1452462460.665977
1452462460.686152
1452462460.706308
1452462460.726486
1452462460.746661
1452462460.766813
1452462460.786908
1452462460.807016
1452462460.827111
1452462460.847232
1452462460.867301
1452462460.887392
1452462460.907483
1452462460.927578
1452462460.947658
1452462460.967777
1452462460.987885
1452462461.008033
1452462461.028106
1452462461.048167
1452462461.068244
1452462461.088348
1452462461.108433
1452462461.128527
1452462461.148622
1452462461.168709
1452462461.188784
1452462461.208933
1452462461.229022
1452462461.249150
1452462461.269254
1452462461.289378
1452462461.309486
1452462461.329667
1452462461.349750
1452462461.369893
1452462461.389988
1452462461.410108
1452462461.430256
1452462461.450374
1452462461.470480
1452462461.490590
1452462461.510685
1452462461.530806
1452462461.550898
1452462461.571027
1452462461.591122
1452462461.611289
1452462461.631450
1452462461.651693
1452462461.671845
1452462461.692036
1452462461.712171
1452462461.732328
1452462461.752474
1452462461.772875
1452462461.792979
1452462461.813103
1452462461.833191
1452462461.853325
1452462461.873411
1452462461.893513
1452462461.913611
1452462461.933772
1452462461.953892
1452462461.974034
1452462461.994104
1452462462.014265
1452462462.034307
1452462462.054411
1452462462.074491
1452462462.094595
1452462462.114695
1452462462.134783
1452462462.154895
1452462462.174970
1452462462.195077
1452462462.215201
1452462462.235300
1452462462.255394
1452462462.275488
1452462462.295595
1452462462.315687
1452462462.335836
1452462462.355904
1452462462.376006
1452462462.396093
1452462462.416195
1452462462.436277
1452462462.456403
1452462462.476483
1452462462.496586
1452462462.516676
1452462462.536772
1452462462.556866
1452462462.576969
1452462462.597098
1452462462.617257
1452462462.637395
1452462462.657572
1452462462.677719
1452462462.697896
1452462462.718031
1452462462.738240
1452462462.758376
1452462462.778476
1452462462.798565
1452462462.818677
1452462462.838787
1452462462.858874
1452462462.878948
1452462462.899059
1452462462.919158
1452462462.939291
1452462462.959403
1452462462.979527
1452462462.999637
1452462463.019798
1452462463.039848
1452462463.059991
1452462463.080067
1452462463.100185
1452462463.120334
1452462463.140386
1452462463.160505
1452462463.180599
1452462463.200717
1452462463.220852
1452462463.240957
1452462463.261068
1452462463.281175
1452462463.301277
1452462463.321391
1452462463.341552
1452462463.361625
1452462463.381770
1452462463.401887
1452462463.422008
1452462463.442121
1452462463.462259
1452462463.482370
1452462463.502456
1452462463.522565
1452462463.542652
1452462463.562767
1452462463.582850
1452462463.603018
1452462463.623145
1452462463.643332
1452462463.663486
1452462463.683675
1452462463.703841
1452462463.724038
1452462463.744182
1452462463.764335
1452462463.784430
1452462463.804537
1452462463.824636
1452462463.844760
1452462463.864837
1452462463.884938
1452462463.905037
1452462463.925128
1452462463.945228
1452462463.965342
1452462463.985453
1452462464.005556
1452462464.025713
1452462464.045755
1452462464.065849
1452462464.085982
1452462464.106081
1452462464.126161
1452462464.146301
1452462464.166372
1452462464.186477
1452462464.206584
1452462464.226696
1452462464.246782
1452462464.266887
1452462464.286969
1452462464.307086
1452462464.327163
1452462464.347337
1452462464.367370
1452462464.387475
1452462464.407563
1452462464.427707
1452462464.447772
1452462464.467890
1452462464.487999
1452462464.508123
1452462464.528200
1452462464.548311
1452462464.568382
1452462464.588480
1452462464.608625
1452462464.628766
1452462464.648919
1452462464.669144
1452462464.689339
1452462464.709518
1452462464.729717
1452462464.749907
1452462464.770074
1452462464.790184
1452462464.810300
1452462464.830397
1452462464.850542
1452462464.870631
1452462464.890743
1452462464.910881
1452462464.930977
1452462464.951105
1452462464.971205
1452462464.991319
1452462465.011437
1452462465.031587
1452462465.051646
1452462465.071748
1452462465.091863
1452462465.111985
1452462465.132121
1452462465.152223
1452462465.172318
1452462465.192408
1452462465.212535
1452462465.232679
1452462465.252776
1452462465.272879
1452462465.292988
1452462465.313097
1452462465.333191
1452462465.353354
1452462465.373461
1452462465.393539
1452462465.413640
1452462465.433739
1452462465.453853
1452462465.474012
1452462465.494130
1452462465.514211
1452462465.534309
1452462465.554420
1452462465.574498
1452462465.594638
1452462465.614783
1452462465.634941
1452462465.655110
1452462465.675261
1452462465.695421
1452462465.715576
1452462465.735731
1452462465.755890
1452462465.776043
1452462465.796140
1452462465.816279
1452462465.836381
1452462465.856484
1452462465.876553
1452462465.896661
1452462465.916742
1452462465.936846
1452462465.956946
1452462465.977044
1452462465.997185
1452462466.017272
1452462466.037404
1452462466.057473
1452462466.077543
1452462466.097666
1452462466.117744
1452462466.137842
1452462466.157936
1452462466.178024
1452462466.198132
1452462466.218264
1452462466.238350
1452462466.258457
1452462466.278537
1452462466.298652
1452462466.318736
1452462466.339067
1452462466.359231
1452462466.379320
1452462466.399421
1452462466.419540
1452462466.439638
1452462466.459777
1452462466.479879
1452462466.499993
1452462466.520090
1452462466.540216
1452462466.560312
1452462466.580412
1452462466.600576
1452462466.620715
1452462466.640901
1452462466.661056
1452462466.681251
1452462466.701413
1452462466.721587
1452462466.741734
1452462466.761913
1452462466.782018
1452462466.802166
1452462466.822287
1452462466.842416
1452462466.862516
1452462466.882616
1452462466.902709
1452462466.922819
1452462466.942930
1452462466.963063
1452462466.983162
1452462467.003291
1452462467.023447
1452462467.043477
1452462467.063562
1452462467.083727
1452462467.103826
1452462467.123916
1452462467.144031
1452462467.164134
1452462467.184212
1452462467.204405
1452462467.224492
1452462467.244599
1452462467.264697
1452462467.284797
1452462467.304897
1452462467.325009
1452462467.345107
1452462467.365254
1452462467.385313
1452462467.405410
1452462467.425544
1452462467.445636
1452462467.465751
1452462467.485855
1452462467.505947
1452462467.526078
1452462467.546164
1452462467.566293
1452462467.586397
1452462467.606538
1452462467.626683
1452462467.646828
1452462467.666978
1452462467.687130
1452462467.707295
1452462467.727436
1452462467.747617
1452462467.767759
1452462467.787845
1452462467.807940
1452462467.828044
1452462467.848150
1452462467.868265
1452462467.888350
1452462467.908461
1452462467.928535
1452462467.948647
1452462467.968739
1452462467.988845
1452462468.008939
1452462468.029077
1452462468.049145
1452462468.069259
1452462468.089378
1452462468.109493
1452462468.129591
1452462468.149719
1452462468.169811
1452462468.189920
1452462468.210149
1452462468.230292
1452462468.250463
1452462468.270573
1452462468.290686
1452462468.310795
1452462468.330904
1452462468.351057
1452462468.371193
1452462468.391250
1452462468.411357
1452462468.431458
1452462468.451589
1452462468.471677
1452462468.491797
1452462468.511895
1452462468.532003
1452462468.552105
1452462468.572211
1452462468.592320
1452462468.612509
1452462468.632661
1452462468.652807
1452462468.672964
1452462468.693135
1452462468.713296
1452462468.733468
1452462468.753633
1452462468.773789
1452462468.793891
1452462468.814017
1452462468.834108
1452462468.854234
1452462468.874318
1452462468.894430
1452462468.914527
1452462468.934629
1452462468.954742
1452462468.974846
1452462468.994956
1452462469.015061
1452462469.035217
1452462469.055251
1452462469.075345
1452462469.095461
1452462469.115555
1452462469.135644
1452462469.155758
1452462469.175842
1452462469.195936
1452462469.216092
1452462469.236205
1452462469.256317
1452462469.276428
1452462469.296535
1452462469.316683
1452462469.336730
1452462469.356870
1452462469.376944
1452462469.397026
1452462469.417130
1452462469.437214
1452462469.457343
1452462469.477417
1452462469.497522
1452462469.517599
1452462469.537749
1452462469.557811
1452462469.577909
1452462469.598028
1452462469.618181
1452462469.638316
1452462469.658468
1452462469.678646
1452462469.698814
1452462469.718948
1452462469.739139
1452462469.759318
1452462469.779439
1452462469.799549
1452462469.819678
1452462469.839789
1452462469.859918
1452462469.880003
1452462469.900125
1452462469.920229
1452462469.940347
1452462469.960467
1452462469.980598
1452462470.000716
1452462470.020854
1452462470.040978
1452462470.061045
1452462470.081144
1452462470.101271
1452462470.121373
1452462470.141461
1452462470.161593
1452462470.181681
1452462470.201800
1452462470.221930
1452462470.242049
1452462470.262154
1452462470.282269
1452462470.302367
1452462470.322472
1452462470.342584
1452462470.362763
1452462470.382808
1452462470.402911
1452462470.423032
1452462470.443138
1452462470.463248
1452462470.483372
1452462470.503453
1452462470.523575
1452462470.543667
1452462470.563783
1452462470.583867
1452462470.604057
1452462470.624192
1452462470.644399
1452462470.664540
1452462470.684737
1452462470.704882
1452462470.725032
1452462470.745211
1452462470.765368
1452462470.785468
1452462470.805570
1452462470.825677
1452462470.845790
1452462470.865894
1452462470.885987
1452462470.906078
1452462470.926434
1452462470.946517
1452462470.966632
1452462470.986745
1452462471.006831
1452462471.026936
1452462471.047064
1452462471.067120
1452462471.087203
1452462471.107307
1452462471.127376
1452462471.147481
1452462471.167555
1452462471.187644
1452462471.207752
1452462471.227964
1452462471.248054
1452462471.268160
1452462471.288250
1452462471.308360
1452462471.328436
1452462471.348590
1452462471.368728
1452462471.388806
1452462471.408877
1452462471.429001
1452462471.449124
1452462471.469261
1452462471.489375
1452462471.509484
1452462471.529595
1452462471.549694
1452462471.569840
1452462471.589952
1452462471.610132
1452462471.630319
1452462471.650502
1452462471.670712
1452462471.690890
1452462471.711047
1452462471.731239
1452462471.751395
1452462471.771565
1452462471.791662
1452462471.811775
1452462471.831873
1452462471.852010
1452462471.872091
1452462471.892198
1452462471.912312
1452462471.932434
1452462471.952572
1452462471.972684
1452462471.992799
1452462472.012964
1452462472.033087
1452462472.053149
1452462472.073203
1452462472.093306
1452462472.113411
1452462472.133502
1452462472.153616
1452462472.173697
1452462472.193794
1452462472.213923
1452462472.234065
1452462472.254178
1452462472.274275
1452462472.294387
1452462472.314482
1452462472.334605
1452462472.354684
1452462472.374854
1452462472.394898
1452462472.414997
1452462472.435091
1452462472.455210
1452462472.475290
1452462472.495406
1452462472.515493
1452462472.535592
1452462472.555692
1452462472.575793
1452462472.595942
1452462472.616089
1452462472.636241
1452462472.656398
1452462472.676570
1452462472.696730
1452462472.716910
1452462472.737082
1452462472.757232
1452462472.777362
1452462472.797449
1452462472.817557
1452462472.837653
1452462472.857762
1452462472.877831
1452462472.897939
1452462472.918016
1452462472.938122
1452462472.958219
1452462472.978322
1452462472.998421
1452462473.018530
1452462473.038658
1452462473.058720
1452462473.078781
1452462473.098900
1452462473.118980
1452462473.139074
1452462473.159189
1452462473.179303
1452462473.199398
1452462473.219542
1452462473.239673
1452462473.259798
1452462473.279898
1452462473.300027
1452462473.320125
1452462473.340253
1452462473.360346
1452462473.380554
1452462473.400600
1452462473.420778
1452462473.440879
1452462473.461023
1452462473.481120
1452462473.501235
1452462473.521311
1452462473.541426
1452462473.561532
1452462473.581620
1452462473.601783
1452462473.621948
1452462473.642122
1452462473.662272
1452462473.682445
1452462473.702621
1452462473.722794
1452462473.742983
1452462473.763164
1452462473.783261
1452462473.803380
1452462473.823527
1452462473.843663
1452462473.863762
1452462473.883856
1452462473.903994
1452462473.924074
1452462473.944160
1452462473.964292
1452462473.984393
1452462474.004506
1452462474.024604
1452462474.044786
1452462474.064804
1452462474.084951
1452462474.105048
1452462474.125172
1452462474.145244
1452462474.165336
1452462474.185430
1452462474.205548
1452462474.225729
1452462474.245856
1452462474.265956
1452462474.286056
1452462474.306169
1452462474.326257
1452462474.346380
1452462474.366463
1452462474.386632
1452462474.406678
1452462474.426774
1452462474.446893
1452462474.467011
1452462474.487103
1452462474.507198
1452462474.527277
1452462474.547376
1452462474.567457
1452462474.587555
1452462474.607691
1452462474.627840
1452462474.647985
1452462474.668134
1452462474.688284
1452462474.708449
1452462474.728591
1452462474.748768
1452462474.768898
1452462474.789022
1452462474.809133
1452462474.829253
1452462474.849374
1452462474.869495
1452462474.889590
1452462474.909702
1452462474.929815
1452462474.949925
1452462474.970056
1452462474.990177
1452462475.010292
1452462475.030409
1452462475.050565
1452462475.070617
1452462475.090731
1452462475.110853
1452462475.130971
1452462475.151110
1452462475.171207
1452462475.191308
1452462475.211444
1452462475.231556
1452462475.251676
1452462475.271781
1452462475.291888
1452462475.311993
1452462475.332095
1452462475.352216
1452462475.372349
1452462475.392513
1452462475.412577
1452462475.432670
1452462475.452784
1452462475.472888
1452462475.493279
1452462475.513379
1452462475.533480
1452462475.553586
1452462475.573682
1452462475.593789
1452462475.613990
1452462475.634132
1452462475.654273
1452462475.674415
1452462475.694599
1452462475.714772
1452462475.734940
1452462475.755098
1452462475.775234
1452462475.795347
1452462475.815439
1452462475.835550
1452462475.855661
1452462475.875741
1452462475.895841
1452462475.915933
1452462475.936047
1452462475.956169
1452462475.976261
1452462475.996370
1452462476.016469
1452462476.036560
1452462476.056712
1452462476.076749
1452462476.096856
1452462476.116949
1452462476.137038
1452462476.157167
1452462476.177247
1452462476.197393
1452462476.217442
1452462476.237541
1452462476.257654
1452462476.277731
1452462476.297844
1452462476.317927
1452462476.338040
1452462476.358121
1452462476.378306
1452462476.398332
1452462476.418434
1452462476.438552
1452462476.458666
1452462476.478765
1452462476.498875
1452462476.518945
1452462476.539054
1452462476.559142
1452462476.579263
1452462476.599403
1452462476.619582
1452462476.639728
1452462476.659913
1452462476.680070
1452462476.700269
1452462476.720427
1452462476.740632
1452462476.760793
1452462476.780919
1452462476.801034
1452462476.821140
1452462476.841254
1452462476.861384
1452462476.881453
1452462476.901574
1452462476.921661
1452462476.941779
1452462476.961899
1452462476.982009
1452462477.002124
1452462477.022214
1452462477.042312
1452462477.062464
1452462477.082509
1452462477.102634
1452462477.122712
1452462477.142802
1452462477.162927
1452462477.183014
1452462477.203123
1452462477.223220
1452462477.243405
1452462477.263492
1452462477.283589
1452462477.303689
1452462477.323791
1452462477.343913
1452462477.364026
1452462477.384169
1452462477.404223
1452462477.424312
1452462477.444414
1452462477.464529
1452462477.484623
1452462477.504709
1452462477.524812
1452462477.544902
1452462477.565003
1452462477.585104
1452462477.605289
1452462477.625424
1452462477.645583
1452462477.665743
1452462477.685882
1452462477.706054
1452462477.726197
1452462477.746373
1452462477.766536
1452462477.786629
1452462477.806723
1452462477.826835
1452462477.846930
1452462477.867042
1452462477.887108
1452462477.907215
1452462477.927300
1452462477.947398
1452462477.967499
1452462477.987618
1452462478.007703
1452462478.027803
1452462478.047969
1452462478.067988
1452462478.088084
1452462478.108188
1452462478.128258
1452462478.148369
1452462478.168449
1452462478.188545
1452462478.208644
1452462478.228748
1452462478.248860
1452462478.268966
1452462478.289051
1452462478.309208
1452462478.329305
1452462478.349441
1452462478.369532
1452462478.389740
1452462478.409770
1452462478.429871
1452462478.449982
1452462478.470100
1452462478.490213
1452462478.510311
1452462478.530420
1452462478.550513
1452462478.570630
1452462478.590747
1452462478.610911
1452462478.631074
1452462478.651250
1452462478.671391
1452462478.691565
1452462478.711719
1452462478.731916
1452462478.752071
1452462478.772228
1452462478.792332
1452462478.812451
1452462478.832535
1452462478.852668
1452462478.872766
1452462478.892866
1452462478.912959
1452462478.933067
1452462478.953164
1452462478.973331
1452462478.993433
1452462479.013556
1452462479.033636
1452462479.053814
1452462479.073828
1452462479.093991
1452462479.114031
1452462479.134128
1452462479.154235
1452462479.174327
1452462479.194406
1452462479.214523
1452462479.234608
1452462479.254740
1452462479.274828
1452462479.294947
1452462479.315031
1452462479.335149
1452462479.355233
1452462479.375379
1452462479.395546
1452462479.415590
1452462479.435703
1452462479.455811
1452462479.475886
1452462479.495996
1452462479.516077
1452462479.536177
1452462479.556265
1452462479.576358
1452462479.596498
1452462479.616641
1452462479.636775
1452462479.656937
1452462479.677088
1452462479.697264
1452462479.717461
1452462479.737628
1452462479.757785
1452462479.777878
1452462479.797969
1452462479.818079
1452462479.838173
1452462479.858274
1452462479.878347
1452462479.898457
1452462479.918534
1452462479.938637
1452462479.958739
1452462479.978842
1452462479.998940
1452462480.019051
1452462480.039155
1452462480.059333
1452462480.079592
1452462480.099734
1452462480.119829
1452462480.139967
1452462480.160070
1452462480.180175
1452462480.200262
1452462480.220407
1452462480.240502
1452462480.260649
1452462480.280742
1452462480.300859
1452462480.320950
1452462480.341072
1452462480.361158
1452462480.381287
1452462480.401443
1452462480.421541
1452462480.441627
1452462480.461762
1452462480.481832
1452462480.501963
1452462480.522036
1452462480.542158
1452462480.562253
1452462480.582347
1452462480.602508
1452462480.622666
1452462480.642834
1452462480.662986
1452462480.683156
1452462480.703327
1452462480.723511
1452462480.743694
1452462480.763880
1452462480.784023
1452462480.804110
1452462480.824234
1452462480.844357
1452462480.864453
1452462480.884543
1452462480.904637
1452462480.924739
1452462480.944829
1452462480.964957
1452462480.985052
1452462481.005160
1452462481.025255
1452462481.045342
1452462481.065510
1452462481.085544
1452462481.105676
1452462481.125763
1452462481.145826
1452462481.165908
1452462481.186002
1452462481.206092
1452462481.226211
1452462481.246329
1452462481.266426
1452462481.286501
1452462481.306624
1452462481.326683
1452462481.346800
1452462481.366874
1452462481.387011
1452462481.407151
1452462481.427225
1452462481.447294
1452462481.467417
1452462481.487512
1452462481.507616
1452462481.527707
1452462481.547804
1452462481.567887
1452462481.587989
1452462481.608127
1452462481.628272
1452462481.648413
1452462481.668578
1452462481.688729
1452462481.708896
1452462481.729049
1452462481.749247
1452462481.769381
1452462481.789528
1452462481.809646
1452462481.829761
1452462481.849879
1452462481.869991
1452462481.890085
1452462481.910186
1452462481.930298
1452462481.950431
1452462481.970565
1452462481.990676
1452462482.010798
1452462482.030896
1452462482.050988
1452462482.071142
1452462482.091214
1452462482.111312
1452462482.131411
1452462482.151527
1452462482.171619
1452462482.191727
1452462482.211861
1452462482.231967
1452462482.252097
1452462482.272200
1452462482.292310
1452462482.312407
1452462482.332503
1452462482.352623
1452462482.372711
1452462482.392827
1452462482.412990
1452462482.433073
1452462482.453176
1452462482.473290
1452462482.493401
1452462482.513489
1452462482.533617
1452462482.553746
1452462482.573853
1452462482.594025
1452462482.614178
1452462482.634304
1452462482.654470
1452462482.674615
1452462482.694798
1452462482.714952
1452462482.735150
1452462482.755342
1452462482.775485
1452462482.795588
1452462482.815694
1452462482.835799
1452462482.855884
1452462482.875997
1452462482.896071
1452462482.916196
1452462482.936285
1452462482.956396
1452462482.976491
1452462482.996600
1452462483.016686
1452462483.036792
1452462483.056887
1452462483.077022
1452462483.097064
1452462483.117163
1452462483.137228
1452462483.157348
1452462483.177412
1452462483.197510
1452462483.217617
1452462483.237727
1452462483.257829
1452462483.277938
1452462483.298030
1452462483.318147
1452462483.338223
1452462483.358317
1452462483.378419
1452462483.398589
1452462483.418674
1452462483.438715
1452462483.458826
1452462483.478902
1452462483.499010
1452462483.519095
1452462483.539277
1452462483.559383
1452462483.579480
1452462483.599652
1452462483.619839
1452462483.640000
1452462483.660153
1452462483.680320
1452462483.700490
1452462483.720666
1452462483.740860
1452462483.761047
1452462483.781142
1452462483.801261
1452462483.821373
1452462483.841493
1452462483.861595
1452462483.881712
1452462483.901837
1452462483.921941
1452462483.942037
1452462483.962154
1452462483.982304
1452462484.002378
1452462484.022473
1452462484.042578
1452462484.062733
1452462484.082771
1452462484.102890
1452462484.122991
1452462484.143076
1452462484.163207
1452462484.183296
1452462484.203412
1452462484.223523
1452462484.243623
1452462484.263853
1452462484.284017
1452462484.304097
1452462484.324187
1452462484.344291
1452462484.364385
1452462484.384498
1452462484.404678
1452462484.424699
1452462484.444795
1452462484.464915
1452462484.485008
1452462484.505109
1452462484.525194
1452462484.545293
1452462484.565395
1452462484.585490
1452462484.605652
1452462484.625801
1452462484.646218
1452462484.666345
1452462484.686496
1452462484.706668
1452462484.726802
1452462484.746973
1452462484.767119
1452462484.787224
1452462484.807322
1452462484.827431
1452462484.847528
1452462484.867640
1452462484.887706
1452462484.907812
1452462484.927904
1452462484.948008
1452462484.968109
1452462484.988216
1452462485.008310
1452462485.028404
1452462485.048489
1452462485.068686
1452462485.088687
1452462485.108792
1452462485.128875
1452462485.148993
1452462485.169074
1452462485.189191
1452462485.209309
1452462485.229437
1452462485.249533
1452462485.269680
1452462485.289788
1452462485.309903
1452462485.329996
1452462485.350128
1452462485.370209
1452462485.390344
1452462485.410521
1452462485.430601
1452462485.450700
1452462485.470815
1452462485.490925
1452462485.511024
1452462485.531132
1452462485.551228
1452462485.571332
1452462485.591443
1452462485.611614
1452462485.631756
1452462485.651951
1452462485.672122
1452462485.692298
1452462485.712457
1452462485.732654
1452462485.752807
1452462485.772984
1452462485.793088
1452462485.813247
1452462485.833333
1452462485.853468
1452462485.873570
1452462485.893668
1452462485.913760
1452462485.933887
1452462485.954022
1452462485.974120
1452462485.994218
1452462486.014331
1452462486.034426
1452462486.054514
1452462486.074665
1452462486.094703
1452462486.114815
1452462486.134886
1452462486.155009
1452462486.175090
1452462486.195188
1452462486.215299
1452462486.235389
1452462486.255485
1452462486.275605
1452462486.295717
1452462486.315824
1452462486.335926
1452462486.356022
1452462486.376126
1452462486.396240
1452462486.416380
1452462486.436438
1452462486.456535
1452462486.476620
1452462486.496719
1452462486.516818
1452462486.536895
1452462486.556996
1452462486.577068
1452462486.597232
1452462486.617358
1452462486.637519
1452462486.657658
1452462486.677826
1452462486.697957
1452462486.718144
1452462486.738293
1452462486.758481
1452462486.778592
1452462486.798693
1452462486.818792
1452462486.838898
1452462486.858986
1452462486.879088
1452462486.899189
1452462486.919302
1452462486.939414
1452462486.959563
1452462486.979671
1452462486.999796
1452462487.019918
1452462487.040016
1452462487.060117
1452462487.080263
1452462487.100338
1452462487.120439
1452462487.140528
1452462487.160646
1452462487.180738
1452462487.200845
1452462487.220966
1452462487.241075
1452462487.261193
1452462487.281322
1452462487.301435
1452462487.321538
1452462487.341673
1452462487.361764
1452462487.381867
1452462487.401983
1452462487.422142
1452462487.442196
1452462487.462316
1452462487.482397
1452462487.502562
1452462487.522612
1452462487.542746
1452462487.562850
1452462487.582945
1452462487.603114
1452462487.623264
1452462487.643419
1452462487.663569
1452462487.683732
1452462487.703882
1452462487.724049
1452462487.744288
1452462487.764463
1452462487.784610
1452462487.804706
1452462487.824813
1452462487.844974
1452462487.865040
1452462487.885148
1452462487.905235
1452462487.925329
1452462487.945455
1452462487.965569
1452462487.985684
1452462488.005798
1452462488.025883
1452462488.045980
1452462488.066077
1452462488.086212
1452462488.106310
1452462488.126391
1452462488.146515
1452462488.166630
1452462488.186693
1452462488.206794
1452462488.226900
1452462488.246975
1452462488.267102
1452462488.287193
1452462488.307308
1452462488.327389
1452462488.347549
1452462488.367629
1452462488.387740
1452462488.407826
1452462488.427997
1452462488.448068
1452462488.468205
1452462488.488280
1452462488.508374
1452462488.528453
1452462488.548555
1452462488.568644
1452462488.588743
1452462488.608892
1452462488.629058
1452462488.649296
1452462488.669490
1452462488.689660
1452462488.709847
1452462488.730068
1452462488.750241
1452462488.770393
1452462488.790521
1452462488.810669
1452462488.830801
1452462488.850915
1452462488.871020
1452462488.891122
1452462488.911256
1452462488.931357
1452462488.951462
1452462488.971587
1452462488.991682
1452462489.011797
1452462489.031902
1452462489.052011
1452462489.072200
1452462489.092270
1452462489.112370
1452462489.132470
1452462489.152576
1452462489.172676
1452462489.192769
1452462489.212895
1452462489.233265
1452462489.253389
1452462489.273501
1452462489.293619
1452462489.313717
1452462489.333825
1452462489.353987
1452462489.374059
1452462489.394169
1452462489.414276
1452462489.434420
1452462489.454474
1452462489.474584
1452462489.494733
1452462489.514801
1452462489.534903
1452462489.554992
1452462489.575080
1452462489.595241
1452462489.615389
1452462489.635535
1452462489.655701
1452462489.675878
1452462489.696004
1452462489.716153
1452462489.736343
1452462489.756509
1452462489.776595
1452462489.796711
1452462489.816812
1452462489.836905
1452462489.856997
1452462489.877138
1452462489.897228
1452462489.917337
1452462489.937420
1452462489.957531
1452462489.977616
1452462489.997729
1452462490.017817
1452462490.037924
1452462490.058031
1452462490.078185
1452462490.098212
1452462490.118377
1452462490.138406
1452462490.158535
1452462490.178601
1452462490.198714
1452462490.218806
1452462490.238938
1452462490.258993
1452462490.279173
1452462490.299282
1452462490.319397
1452462490.339522
1452462490.359628
1452462490.379732
1452462490.399868
1452462490.419997
1452462490.440157
1452462490.460240
1452462490.480359
1452462490.500482
1452462490.520585
1452462490.540691
1452462490.560792
1452462490.580896
1452462490.601038
1452462490.621226
1452462490.641398
1452462490.661564
1452462490.681733
1452462490.701908
1452462490.722076
1452462490.742295
1452462490.762515
1452462490.782622
1452462490.802738
1452462490.822868
1452462490.842960
1452462490.863060
1452462490.883176
1452462490.903280
1452462490.923379
1452462490.943482
1452462490.963602
1452462490.983689
1452462491.003806
1452462491.023893
1452462491.044018
1452462491.064112
1452462491.084259
1452462491.104316
1452462491.124428
1452462491.144513
1452462491.164607
1452462491.184699
1452462491.204805
1452462491.224904
1452462491.244998
1452462491.265097
1452462491.285228
1452462491.305339
1452462491.325435
1452462491.345567
1452462491.365667
1452462491.385770
1452462491.405891
1452462491.426066
1452462491.446138
1452462491.466225
1452462491.486298
1452462491.506416
1452462491.526495
1452462491.546607
1452462491.566690
1452462491.586788
1452462491.606988
1452462491.627089
1452462491.647241
1452462491.667389
1452462491.687533
1452462491.707686
1452462491.727820
1452462491.748000
1452462491.768128
1452462491.788231
1452462491.808322
1452462491.828432
1452462491.848530
1452462491.868626
1452462491.888723
1452462491.908847
1452462491.928921
1452462491.949038
1452462491.969166
1452462491.989285
1452462492.009401
1452462492.029511
1452462492.049606
1452462492.069727
1452462492.089877
1452462492.109950
1452462492.130042
1452462492.150164
1452462492.170258
1452462492.190377
1452462492.210500
1452462492.230638
1452462492.250739
1452462492.270855
1452462492.290980
1452462492.311099
1452462492.331192
1452462492.351332
1452462492.371420
1452462492.391529
1452462492.411646
1452462492.431804
1452462492.451871
1452462492.471984
1452462492.492101
1452462492.512198
1452462492.532305
1452462492.552432
1452462492.572541
1452462492.592648
1452462492.612866
1452462492.633011
1452462492.653196
1452462492.673342
1452462492.693522
1452462492.713686
1452462492.733875
1452462492.754039
1452462492.774214
1452462492.794303
1452462492.814415
1452462492.834520
1452462492.854615
1452462492.874752
1452462492.894836
1452462492.914955
1452462492.935106
1452462492.955165
1452462492.975282
1452462492.995377
1452462493.015479
1452462493.035581
1452462493.055670
1452462493.075772
1452462493.095920
1452462493.115981
1452462493.136053
1452462493.156174
1452462493.176250
1452462493.196350
1452462493.216461
1452462493.236570
1452462493.256654
1452462493.276766
1452462493.296889
1452462493.317004
1452462493.337096
1452462493.357196
1452462493.377276
1452462493.397402
1452462493.417488
1452462493.437683
1452462493.457689
1452462493.477793
1452462493.497884
1452462493.517986
1452462493.538068
1452462493.558168
1452462493.578238
1452462493.598401
1452462493.618520
1452462493.638738
1452462493.658881
1452462493.679077
1452462493.699273
1452462493.719466
1452462493.739657
1452462493.759847
1452462493.779964
1452462493.800086
1452462493.820425
1452462493.840567
1452462493.860671
1452462493.880813
1452462493.900914
1452462493.921018
1452462493.941126
1452462493.961284
1452462493.981375
1452462494.001496
1452462494.021609
1452462494.041715
1452462494.061824
1452462494.081963
1452462494.102091
1452462494.122154
1452462494.142248
1452462494.162369
1452462494.182467
1452462494.202583
1452462494.222694
1452462494.242792
1452462494.262898
1452462494.283002
1452462494.303122
1452462494.323212
1452462494.343371
1452462494.363422
1452462494.383524
1452462494.403642
1452462494.423778
1452462494.443920
1452462494.464034
1452462494.484082
1452462494.504206
1452462494.524296
1452462494.544411
1452462494.564499
1452462494.584611
1452462494.604767
1452462494.624962
1452462494.645141
1452462494.665285
1452462494.685433
1452462494.705580
1452462494.725743
1452462494.745912
1452462494.766079
1452462494.786170
1452462494.806294
1452462494.826419
1452462494.846537
1452462494.866623
1452462494.886764
1452462494.906848
1452462494.926934
1452462494.947029
1452462494.967140
1452462494.987224
1452462495.007339
1452462495.027411
1452462495.047512
1452462495.067613
1452462495.087741
1452462495.107802
1452462495.127878
1452462495.148005
1452462495.168083
1452462495.188178
1452462495.208301
1452462495.228418
1452462495.248501
1452462495.268614
1452462495.288705
1452462495.308817
1452462495.328917
1452462495.349037
1452462495.369106
1452462495.389289
1452462495.409403
1452462495.429524
1452462495.449677
1452462495.469768
1452462495.489871
1452462495.509972
1452462495.530078
1452462495.550199
1452462495.570299
1452462495.590424
1452462495.610575
1452462495.630800
1452462495.650979
1452462495.671136
1452462495.691303
1452462495.711505
1452462495.731641
1452462495.751852
1452462495.772011
1452462495.792123
1452462495.812245
1452462495.832352
1452462495.852484
1452462495.872580
1452462495.892707
1452462495.912799
1452462495.932911
1452462495.953011
1452462495.973172
1452462495.993247
1452462496.013365
1452462496.033465
1452462496.053571
1452462496.073665
1452462496.093855
1452462496.113882
1452462496.134018
1452462496.154107
1452462496.174184
1452462496.194277
1452462496.214405
1452462496.234492
1452462496.254602
1452462496.274692
1452462496.294855
1452462496.314959
1452462496.335070
1452462496.355155
1452462496.375261
1452462496.395371
1452462496.415479
1452462496.435572
1452462496.455718
1452462496.475792
1452462496.495891
1452462496.515993
1452462496.536079
1452462496.556182
1452462496.576269
1452462496.596433
1452462496.616574
1452462496.636740
1452462496.656890
1452462496.677034
1452462496.697169
1452462496.717320
1452462496.737475
1452462496.757651
1452462496.777769
1452462496.797879
1452462496.817970
1452462496.838079
1452462496.858165
1452462496.878275
1452462496.898351
1452462496.918452
1452462496.938542
1452462496.958660
1452462496.978764
1452462496.998869
1452462497.018959
1452462497.039082
1452462497.059171
1452462497.079289
1452462497.099444
1452462497.119559
1452462497.139600
1452462497.159730
1452462497.179827
1452462497.199932
1452462497.220072
1452462497.240180
1452462497.260295
1452462497.280410
1452462497.300545
1452462497.320656
1452462497.340772
1452462497.360890
1452462497.380980
1452462497.401140
1452462497.421303
1452462497.441391
1452462497.461561
1452462497.481627
1452462497.501759
1452462497.521857
1452462497.541963
1452462497.562064
1452462497.582168
1452462497.602324
1452462497.622503
1452462497.642664
1452462497.662812
1452462497.682978
1452462497.703166
1452462497.723328
1452462497.743502
1452462497.763681
1452462497.783768
1452462497.803868
1452462497.824025
1452462497.844101
1452462497.864191
1452462497.884309
1452462497.904404
1452462497.924504
1452462497.944603
1452462497.964724
1452462497.984817
1452462498.004964
1452462498.025085
1452462498.045186
1452462498.065286
1452462498.085391
1452462498.105537
1452462498.125594
1452462498.145687
1452462498.165782
1452462498.185874
1452462498.205990
1452462498.226089
1452462498.246194
1452462498.266295
1452462498.286397
1452462498.306528
1452462498.326599
1452462498.346731
1452462498.366815
1452462498.387148
1452462498.407254
1452462498.427348
1452462498.447518
1452462498.467599
1452462498.487687
1452462498.507747
1452462498.527820
1452462498.547942
1452462498.568018
1452462498.588125
1452462498.608281
1452462498.628436
1452462498.648590
1452462498.668737
1452462498.688879
1452462498.709041
1452462498.729317
1452462498.749524
1452462498.769652
1452462498.789776
1452462498.809875
1452462498.830001
1452462498.850105
1452462498.870218
1452462498.890322
1452462498.910432
1452462498.930521
1452462498.950643
1452462498.970753
1452462498.990856
1452462499.010959
1452462499.031100
1452462499.051203
1452462499.071320
1452462499.091422
1452462499.111579
1452462499.131631
1452462499.151775
1452462499.171832
1452462499.191935
1452462499.212064
1452462499.232164
1452462499.252273
1452462499.272375
1452462499.292592
1452462499.312726
1452462499.332821
1452462499.352947
1452462499.373042
1452462499.393183
1452462499.413306
1452462499.433402
1452462499.453588
1452462499.473617
1452462499.493725
1452462499.513811
1452462499.533912
1452462499.554019
1452462499.574110
1452462499.594221
1452462499.614385
1452462499.634522
1452462499.654685
1452462499.674824
1452462499.694961
1452462499.715122
1452462499.735317
1452462499.755478
1452462499.775608
1452462499.795714
1452462499.815828
1452462499.835904
1452462499.855990
1452462499.876090
1452462499.896191
1452462499.916283
1452462499.936368
1452462499.956474
1452462499.976575
1452462499.996677
1452462500.016763
1452462500.036866
1452462500.056989
1452462500.077077
1452462500.097242
1452462500.117305
1452462500.137368
1452462500.157500
1452462500.177563
1452462500.197663
1452462500.217770
1452462500.237877
1452462500.257960
1452462500.278069
1452462500.298175
1452462500.318285
1452462500.338375
1452462500.358467
1452462500.378546
1452462500.398659
1452462500.418796
1452462500.438887
1452462500.459030
1452462500.479095
1452462500.499187
1452462500.519304
1452462500.539396
1452462500.559515
1452462500.579601
1452462500.599785
1452462500.619950
1452462500.640128
1452462500.660287
1452462500.680445
1452462500.700625
1452462500.720795
1452462500.740980
1452462500.761165
1452462500.781279
1452462500.801392
1452462500.821500
1452462500.841604
1452462500.861711
1452462500.881822
1452462500.901919
1452462500.922008
1452462500.942121
1452462500.962233
1452462500.982334
1452462501.002439
1452462501.022557
1452462501.042652
1452462501.062760
1452462501.082844
1452462501.103042
1452462501.123062
1452462501.143153
1452462501.163299
1452462501.183404
1452462501.203518
1452462501.223631
1452462501.243722
1452462501.263840
1452462501.283921
1452462501.304093
1452462501.324138
1452462501.344244
1452462501.364331
1452462501.384434
1452462501.404555
1452462501.424666
1452462501.444770
1452462501.464927
1452462501.484975
1452462501.505090
1452462501.525187
1452462501.545284
1452462501.565381
1452462501.585504
1452462501.605668
1452462501.625813
1452462501.645975
1452462501.666102
1452462501.686252
1452462501.706386
1452462501.726552
1452462501.746733
1452462501.766888
1452462501.786975
1452462501.807091
1452462501.827169
1452462501.847281
1452462501.867372
1452462501.887506
1452462501.907584
1452462501.927681
1452462501.947767
1452462501.967928
1452462501.987991
1452462502.008107
1452462502.028175
1452462502.048280
1452462502.068410
1452462502.088502
1452462502.108633
1452462502.128683
1452462502.148782
1452462502.168857
1452462502.188946
1452462502.209058
1452462502.229163
1452462502.249281
1452462502.269400
1452462502.289500
1452462502.309651
1452462502.329745
1452462502.349877
1452462502.369989
1452462502.390083
1452462502.410202
1452462502.430315
1452462502.450417
1452462502.470583
1452462502.490657
1452462502.510759
1452462502.530857
1452462502.551011
1452462502.571115
1452462502.591248
1452462502.611383
1452462502.631567
1452462502.651748
1452462502.671894
1452462502.692073
1452462502.712244
1452462502.732426
1452462502.752615
1452462502.772778
1452462502.792872
1452462502.812983
1452462502.833078
1452462502.853200
1452462502.873295
1452462502.893415
1452462502.913522
1452462502.933649
1452462502.953751
1452462502.974102
1452462502.994214
1452462503.014318
1452462503.034417
1452462503.054506
1452462503.074604
1452462503.094715
1452462503.114851
1452462503.134890
1452462503.154999
1452462503.175090
1452462503.195185
1452462503.215314
1452462503.235412
1452462503.255534
1452462503.275626
1452462503.295728
1452462503.315845
1452462503.335941
1452462503.356031
1452462503.376122
1452462503.396219
1452462503.416350
1452462503.436451
1452462503.456529
1452462503.476697
1452462503.496734
1452462503.516835
1452462503.536909
1452462503.557012
1452462503.577084
1452462503.597244
1452462503.617389
1452462503.637548
1452462503.657719
1452462503.677865
1452462503.697998
1452462503.718163
1452462503.738302
1452462503.758472
1452462503.778595
1452462503.798704
1452462503.818818
1452462503.838934
1452462503.859024
1452462503.879125
1452462503.899253
1452462503.919369
1452462503.939469
1452462503.959581
1452462503.979705
1452462503.999821
1452462504.019925
1452462504.040045
1452462504.060144
1452462504.080267
1452462504.100368
1452462504.120536
1452462504.140597
1452462504.160721
1452462504.180827
1452462504.200959
1452462504.221102
1452462504.241209
1452462504.261333
1452462504.281436
1452462504.301548
1452462504.321702
1452462504.341827
1452462504.361912
1452462504.382026
1452462504.402132
1452462504.422247
1452462504.442339
1452462504.462465
1452462504.482599
1452462504.502677
1452462504.522762
1452462504.542869
1452462504.562960
1452462504.583058
1452462504.603197
1452462504.623352
1452462504.643499
1452462504.663733
1452462504.683883
1452462504.704051
1452462504.724213
1452462504.744386
1452462504.764535
1452462504.784647
1452462504.804753
1452462504.824859
1452462504.844983
1452462504.865069
1452462504.885164
1452462504.905279
1452462504.925370
1452462504.945465
1452462504.965578
1452462504.985690
1452462505.005814
1452462505.025894
1452462505.046007
1452462505.066086
1452462505.086185
1452462505.106281
1452462505.126435
1452462505.146497
1452462505.166597
1452462505.186692
1452462505.206821
1452462505.226910
1452462505.247019
1452462505.267099
1452462505.287202
1452462505.307302
1452462505.327423
1452462505.347519
1452462505.367609
1452462505.387689
1452462505.407840
1452462505.427927
1452462505.448034
1452462505.468227
1452462505.488291
1452462505.508330
1452462505.528411
1452462505.548508
1452462505.568597
1452462505.588696
1452462505.608835
1452462505.629000
1452462505.649217
1452462505.669387
1452462505.689574
1452462505.709749
1452462505.729960
1452462505.750151
1452462505.770295
1452462505.790406
1452462505.810513
1452462505.830621
1452462505.850745
1452462505.870850
1452462505.890966
1452462505.911063
1452462505.931172
1452462505.951285
1452462505.971406
1452462505.991508
1452462506.011620
1452462506.031753
1452462506.051859
1452462506.071966
1452462506.092085
1452462506.112250
1452462506.132283
1452462506.152399
1452462506.172531
1452462506.192617
1452462506.212752
1452462506.232857
1452462506.252961
1452462506.273063
1452462506.293157
1452462506.313283
1452462506.333386
1452462506.353505
1452462506.373604
1452462506.393706
1452462506.413825
1452462506.434036
1452462506.454077
1452462506.474257
1452462506.494293
1452462506.514380
1452462506.534467
1452462506.554564
1452462506.574660
1452462506.594768
1452462506.614944
1452462506.635086
1452462506.655245
1452462506.675395
1452462506.695568
1452462506.715724
1452462506.735933
1452462506.756089
1452462506.776218
1452462506.796333
1452462506.816440
1452462506.836527
1452462506.856654
1452462506.876716
1452462506.896812
1452462506.916905
1452462506.937006
1452462506.957114
1452462506.977230
1452462506.997335
1452462507.017428
1452462507.037528
1452462507.057610
1452462507.077713
1452462507.097815
1452462507.117986
1452462507.138005
1452462507.158128
1452462507.178203
1452462507.198305
1452462507.218413
1452462507.238520
1452462507.258607
1452462507.278715
1452462507.298797
1452462507.318922
1452462507.339016
1452462507.359112
1452462507.379221
1452462507.399346
1452462507.419461
1452462507.439583
1452462507.459681
1452462507.479872
1452462507.499924
1452462507.520053
1452462507.540389
1452462507.560527
1452462507.580599
1452462507.600739
1452462507.620922
1452462507.641090
1452462507.661253
1452462507.681409
1452462507.701585
1452462507.721739
1452462507.741928
1452462507.762125
1452462507.782238
1452462507.802342
1452462507.822456
1452462507.842563
1452462507.862669
1452462507.882762
1452462507.902887
1452462507.922968
1452462507.943082
1452462507.963190
1452462507.983302
1452462508.003398
1452462508.023514
1452462508.043616
1452462508.063729
1452462508.083814
1452462508.103999
1452462508.124123
1452462508.144186
1452462508.164266
1452462508.184363
1452462508.204511
1452462508.224623
1452462508.244711
1452462508.264817
1452462508.284909
1452462508.304993
1452462508.325127
1452462508.345238
1452462508.365329
1452462508.385419
1452462508.405532
1452462508.425635
1452462508.445743
1452462508.465849
1452462508.486007
1452462508.506055
1452462508.526156
1452462508.546250
1452462508.566352
1452462508.586447
1452462508.606611
1452462508.626760
1452462508.646940
1452462508.667074
1452462508.687237
1452462508.707376
1452462508.727545
1452462508.747687
1452462508.767854
1452462508.787935
1452462508.808052
1452462508.828134
1452462508.848257
1452462508.868327
1452462508.888429
1452462508.908527
1452462508.928629
1452462508.948702
1452462508.968821
1452462508.988899
1452462509.009000
1452462509.029075
1452462509.049203
1452462509.069314
1452462509.089476
1452462509.109570
1452462509.129755
1452462509.149862
1452462509.169952
1452462509.190063
1452462509.210198
1452462509.230316
1452462509.250418
1452462509.270531
1452462509.290623
1452462509.310733
1452462509.330861
1452462509.350994
1452462509.371094
1452462509.391204
1452462509.411332
1452462509.431487
1452462509.451581
1452462509.471708
1452462509.491856
1452462509.511939
1452462509.532029
1452462509.552119
1452462509.572217
1452462509.592323
1452462509.612469
1452462509.632628
1452462509.652783
1452462509.672943
1452462509.693095
1452462509.713246
1452462509.733408
1452462509.753564
1452462509.773705
1452462509.793830
1452462509.813982
1452462509.834047
1452462509.854192
1452462509.874298
1452462509.894446
1452462509.914559
1452462509.934644
1452462509.954744
1452462509.974852
1452462509.994956
1452462510.015057
1452462510.035156
1452462510.055262
1452462510.075361
1452462510.095464
1452462510.115561
1452462510.135710
1452462510.155780
1452462510.175864
1452462510.195962
1452462510.216129
1452462510.236261
1452462510.256339
1452462510.276437
1452462510.296535
1452462510.316628
1452462510.336746
1452462510.356837
1452462510.376931
1452462510.397020
1452462510.417117
1452462510.437220
1452462510.457304
1452462510.477425
1452462510.497548
1452462510.517619
1452462510.537698
1452462510.557803
1452462510.577879
1452462510.598048
1452462510.618216
1452462510.638363
1452462510.658534
1452462510.678704
1452462510.698835
1452462510.718999
1452462510.739212
1452462510.759423
1452462510.779532
1452462510.799654
1452462510.819758
1452462510.839885
1452462510.859992
1452462510.880111
1452462510.900229
1452462510.920351
1452462510.940451
1452462510.960563
1452462510.980677
1452462511.000793
1452462511.020898
1452462511.041019
1452462511.061121
1452462511.081215
1452462511.101345
1452462511.121497
1452462511.141591
1452462511.161661
1452462511.181801
1452462511.201897
1452462511.222027
1452462511.242131
1452462511.262244
1452462511.282334
1452462511.302437
1452462511.322547
1452462511.342701
1452462511.362788
1452462511.382901
1452462511.403007
1452462511.423132
1452462511.443225
1452462511.463333
1452462511.483440
1452462511.503595
1452462511.523654
1452462511.543763
1452462511.563853
1452462511.583997
1452462511.604113
1452462511.624310
1452462511.644464
1452462511.664610
1452462511.684756
1452462511.704923
1452462511.725056
1452462511.745234
1452462511.765377
1452462511.785486
1452462511.805600
1452462511.825689
1452462511.845814
1452462511.865895
1452462511.885995
1452462511.906107
1452462511.926198
1452462511.946320
1452462511.966452
1452462511.986542
1452462512.006659
1452462512.026746
1452462512.046889
1452462512.066959
1452462512.087072
1452462512.107154
1452462512.127535
1452462512.147593
1452462512.167684
1452462512.187766
1452462512.207896
1452462512.227983
1452462512.248091
1452462512.268212
1452462512.288322
1452462512.308411
1452462512.328530
1452462512.348627
1452462512.368722
1452462512.388812
1452462512.408906
1452462512.429034
1452462512.449128
1452462512.469255
1452462512.489420
1452462512.509545
1452462512.529614
1452462512.549743
1452462512.569840
1452462512.589958
1452462512.610143
1452462512.630334
1452462512.650574
1452462512.670744
1452462512.690911
1452462512.711091
1452462512.731264
1452462512.751469
1452462512.771632
1452462512.791750
1452462512.811857
1452462512.832000
1452462512.852120
1452462512.872232
1452462512.892335
1452462512.912450
1452462512.932544
1452462512.952645
1452462512.972765
1452462512.992867
1452462513.012982
1452462513.033088
1452462513.053185
1452462513.073295
1452462513.093399
1452462513.113493
1452462513.133655
1452462513.153720
1452462513.173811
1452462513.193911
1452462513.214066
1452462513.234160
1452462513.254269
1452462513.274414
1452462513.294502
1452462513.314605
1452462513.334726
1452462513.354822
1452462513.374921
1452462513.395014
1452462513.415144
1452462513.435238
1452462513.455342
1452462513.475450
1452462513.495588
1452462513.515650
1452462513.535747
1452462513.555867
1452462513.575953
1452462513.596085
1452462513.616233
1452462513.636386
1452462513.656577
1452462513.676718
1452462513.696865
1452462513.717011
1452462513.737196
1452462513.757354
1452462513.777477
1452462513.797591
1452462513.817680
1452462513.837783
1452462513.857871
1452462513.877976
1452462513.898074
1452462513.918166
1452462513.938249
1452462513.958355
1452462513.978456
1452462513.998565
1452462514.018667
1452462514.038773
1452462514.058855
1452462514.078959
1452462514.099055
1452462514.119197
1452462514.139348
1452462514.159443
1452462514.179526
1452462514.199640
1452462514.219780
1452462514.239906
1452462514.260009
1452462514.280129
1452462514.300226
1452462514.320391
1452462514.340524
1452462514.360656
1452462514.380758
1452462514.400882
1452462514.420997
1452462514.441109
1452462514.461216
1452462514.481348
1452462514.501479
1452462514.521546
1452462514.541652
1452462514.561752
1452462514.581856
1452462514.602003
1452462514.622167
1452462514.642338
1452462514.662506
1452462514.682680
1452462514.702856
1452462514.723004
1452462514.743192
1452462514.763334
1452462514.783448
1452462514.803558
1452462514.823673
1452462514.843783
1452462514.863875
1452462514.884016
1452462514.904101
1452462514.924184
1452462514.944293
1452462514.964385
1452462514.984513
1452462515.004610
1452462515.024734
1452462515.044836
1452462515.064946
1452462515.085035
1452462515.105148
1452462515.125239
1452462515.145395
1452462515.165458
1452462515.185551
1452462515.205684
1452462515.225796
1452462515.245896
1452462515.265994
1452462515.286097
1452462515.306188
1452462515.326290
1452462515.346413
1452462515.366507
1452462515.386588
1452462515.406703
1452462515.426843
1452462515.446933
1452462515.467026
1452462515.487130
1452462515.507266
1452462515.527332
1452462515.547417
1452462515.567512
1452462515.587602
1452462515.607761
1452462515.627903
1452462515.648072
1452462515.668211
1452462515.688374
1452462515.708506
1452462515.728707
1452462515.748868
1452462515.769055
1452462515.789140
1452462515.809270
1452462515.829364
1452462515.849508
1452462515.869601
1452462515.889714
1452462515.909838
1452462515.929935
1452462515.950047
1452462515.970166
1452462515.990281
1452462516.010407
1452462516.030501
1452462516.050628
1452462516.070736
1452462516.090868
1452462516.110970
1452462516.131077
1452462516.151244
1452462516.171289
1452462516.191447
1452462516.211550
1452462516.231661
1452462516.251764
1452462516.271869
1452462516.291962
1452462516.312077
1452462516.332166
1452462516.352356
1452462516.372446
1452462516.392558
1452462516.412671
1452462516.432806
1452462516.452909
1452462516.473022
1452462516.493119
1452462516.513267
1452462516.533333
1452462516.553436
1452462516.573521
1452462516.593664
1452462516.613794
1452462516.633997
1452462516.654116
1452462516.674260
1452462516.694635
1452462516.714826
1452462516.734990
1452462516.755144
1452462516.775285
1452462516.795390
1452462516.815493
1452462516.835595
1452462516.855696
1452462516.875790
1452462516.895889
1452462516.916016
1452462516.936106
1452462516.956203
1452462516.976328
1452462516.996410
1452462517.016527
1452462517.036625
1452462517.056751
1452462517.076850
1452462517.096958
1452462517.117039
1452462517.137189
1452462517.157248
1452462517.177320
1452462517.197413
1452462517.217539
1452462517.237632
1452462517.257726
1452462517.277822
1452462517.297911
1452462517.318019
1452462517.338125
1452462517.358239
1452462517.378338
1452462517.398424
1452462517.418530
1452462517.438638
1452462517.458721
1452462517.478838
1452462517.498909
1452462517.519074
1452462517.539113
1452462517.559317
1452462517.579407
1452462517.599588
1452462517.619756
1452462517.639948
1452462517.660116
1452462517.680284
1452462517.700449
1452462517.720624
1452462517.740807
1452462517.761021
1452462517.781119
1452462517.801236
1452462517.821344
1452462517.841476
1452462517.861578
1452462517.881688
1452462517.901811
1452462517.921919
1452462517.942057
1452462517.962159
1452462517.982287
1452462518.002378
1452462518.022508
1452462518.042617
1452462518.062728
1452462518.082826
1452462518.102946
1452462518.123083
1452462518.143203
1452462518.163260
1452462518.183367
1452462518.203481
1452462518.223606
1452462518.243695
1452462518.263807
1452462518.283903
1452462518.304022
1452462518.324106
1452462518.344242
1452462518.364333
1452462518.384485
1452462518.404566
1452462518.424738
1452462518.444813
1452462518.464921
1452462518.485028
1452462518.505188
1452462518.525265
1452462518.545332
1452462518.565418
1452462518.585523
1452462518.605677
1452462518.625872
1452462518.645987
1452462518.666128
1452462518.686282
1452462518.706424
1452462518.726575
1452462518.746718
1452462518.766886
1452462518.786981
1452462518.807102
1452462518.827181
1452462518.847306
1452462518.867380
1452462518.887484
1452462518.907584
1452462518.927684
1452462518.947765
1452462518.967870
1452462518.987966
1452462519.008071
1452462519.028152
1452462519.048264
1452462519.068354
1452462519.088448
1452462519.108549
1452462519.128658
1452462519.148790
1452462519.168843
1452462519.188925
1452462519.209076
1452462519.229214
1452462519.249336
1452462519.269448
1452462519.289559
1452462519.309663
1452462519.329830
1452462519.349916
1452462519.370027
1452462519.390145
1452462519.410269
1452462519.430392
1452462519.450506
1452462519.470629
1452462519.490750
1452462519.510896
1452462519.530966
1452462519.551071
1452462519.571176
1452462519.591295
1452462519.611426
1452462519.631622
1452462519.651782
1452462519.671936
1452462519.692095
1452462519.712274
1452462519.732435
1452462519.752650
1452462519.772797
1452462519.792911
1452462519.813019
1452462519.833138
1452462519.853270
1452462519.873368
1452462519.893470
1452462519.913590
1452462519.933683
1452462519.953794
1452462519.973903
1452462519.994056
1452462520.014139
1452462520.034224
1452462520.054328
1452462520.074436
1452462520.094542
1452462520.114640
1452462520.134758
1452462520.154902
1452462520.174973
1452462520.195101
1452462520.215234
1452462520.235329
1452462520.255436
1452462520.275524
1452462520.295627
1452462520.315717
1452462520.335830
1452462520.355944
1452462520.376057
1452462520.396132
1452462520.416250
1452462520.436373
1452462520.456478
1452462520.476575
1452462520.496669
1452462520.516807
1452462520.536879
1452462520.556962
1452462520.577095
1452462520.597231
1452462520.617384
1452462520.637535
1452462520.657708
1452462520.677836
1452462520.698006
1452462520.718138
1452462520.738298
1452462520.758451
1452462520.778576
1452462520.798682
1452462520.818782
1452462520.838891
1452462520.858973
1452462520.879064
1452462520.899220
1452462520.919355
1452462520.939442
1452462520.959561
1452462520.979679
1452462520.999781
1452462521.019901
1452462521.040009
1452462521.060107
1452462521.080213
1452462521.100333
1452462521.120445
1452462521.140533
1452462521.160706
1452462521.180760
1452462521.200904
1452462521.220997
1452462521.241134
1452462521.261234
1452462521.281573
1452462521.301672
1452462521.321793
1452462521.341883
1452462521.362041
1452462521.382112
1452462521.402222
1452462521.422379
1452462521.442484
1452462521.462578
1452462521.482700
1452462521.502783
1452462521.522940
1452462521.542998
1452462521.563095
1452462521.583195
1452462521.603358
1452462521.623521
1452462521.643663
1452462521.663820
1452462521.684001
1452462521.704132
1452462521.724275
1452462521.744438
1452462521.764588
1452462521.784692
1452462521.804817
1452462521.824926
1452462521.845034
1452462521.865130
1452462521.885237
1452462521.905366
1452462521.925450
1452462521.945542
1452462521.965642
1452462521.985775
1452462522.005859
1452462522.025985
1452462522.046066
1452462522.066163
1452462522.086290
1452462522.106377
1452462522.126489
1452462522.146621
1452462522.166705
1452462522.186754
1452462522.206900
1452462522.226990
1452462522.247095
1452462522.267182
1452462522.287289
1452462522.307403
1452462522.327505
1452462522.347595
1452462522.367715
1452462522.387810
1452462522.407897
1452462522.427989
1452462522.448099
1452462522.468226
1452462522.488318
1452462522.508408
1452462522.528558
1452462522.548603
1452462522.568706
1452462522.588798
1452462522.608965
1452462522.629117
1452462522.649384
1452462522.669595
1452462522.689779
1452462522.709952
1452462522.730181
1452462522.750306
1452462522.770481
1452462522.790581
1452462522.810686
1452462522.830789
1452462522.850910
1452462522.871015
1452462522.891119
1452462522.911240
1452462522.931351
1452462522.951459
1452462522.971568
1452462522.991674
1452462523.011774
1452462523.031888
1452462523.051995
1452462523.072092
1452462523.092187
1452462523.112292
1452462523.132407
1452462523.152593
1452462523.172611
1452462523.192715
1452462523.212833
1452462523.232948
1452462523.253044
1452462523.273157
1452462523.293253
1452462523.313358
1452462523.333442
1452462523.353576
1452462523.373683
1452462523.393785
1452462523.413892
1452462523.434016
1452462523.454105
1452462523.474270
1452462523.494316
1452462523.514419
1452462523.534550
1452462523.554601
1452462523.574699
1452462523.594808
1452462523.614969
1452462523.635123
1452462523.655294
1452462523.675469
1452462523.695637
1452462523.715768
1452462523.735924
1452462523.756060
1452462523.776202
1452462523.796297
1452462523.816405
1452462523.836499
1452462523.856591
1452462523.876679
1452462523.896783
1452462523.916881
1452462523.936975
1452462523.957057
1452462523.977166
1452462523.997250
1452462524.017391
1452462524.037482
1452462524.057582
1452462524.077664
1452462524.097788
1452462524.117875
1452462524.137969
1452462524.158109
1452462524.178161
1452462524.198245
1452462524.218377
1452462524.238459
1452462524.258558
1452462524.278650
1452462524.298747
1452462524.318839
1452462524.338939
1452462524.359044
1452462524.379149
1452462524.399265
1452462524.419419
1452462524.439522
1452462524.459627
1452462524.479795
1452462524.499907
1452462524.520015
1452462524.540150
1452462524.560216
1452462524.580309
1452462524.600475
1452462524.620622
1452462524.640817
1452462524.660976
1452462524.681161
1452462524.701321
1452462524.721573
1452462524.741744
1452462524.761916
1452462524.782025
1452462524.802122
1452462524.822230
1452462524.842398
1452462524.862443
1452462524.882550
1452462524.902652
1452462524.922767
1452462524.942859
1452462524.962967
1452462524.983084
1452462525.003176
1452462525.023293
1452462525.043410
1452462525.063503
1452462525.083588
1452462525.103716
1452462525.123809
1452462525.143892
1452462525.164068
1452462525.184127
1452462525.204245
1452462525.224408
1452462525.244486
1452462525.264592
1452462525.284689
1452462525.304792
1452462525.324886
1452462525.345006
1452462525.365110
1452462525.385210
1452462525.405300
1452462525.425427
1452462525.445528
1452462525.465634
1452462525.485755
1452462525.505830
1452462525.525945
1452462525.546083
1452462525.566125
1452462525.586212
1452462525.606371
1452462525.626526
1452462525.646682
1452462525.666815
1452462525.686976
1452462525.707115
1452462525.727275
1452462525.747426
1452462525.767592
1452462525.787708
1452462525.807822
1452462525.827900
1452462525.848267
1452462525.868349
1452462525.888450
1452462525.908539
1452462525.928658
1452462525.948728
1452462525.968841
1452462525.988963
1452462526.009053
1452462526.029149
1452462526.049297
1452462526.069404
1452462526.089531
1452462526.109639
1452462526.129757
1452462526.149863
1452462526.170035
1452462526.190072
1452462526.210210
1452462526.230312
1452462526.250451
1452462526.270539
1452462526.290657
1452462526.310797
1452462526.330875
1452462526.351001
1452462526.371135
1452462526.391251
1452462526.411356
1452462526.431481
1452462526.451585
1452462526.471709
1452462526.491810
1452462526.511927
1452462526.532110
1452462526.552153
1452462526.572241
1452462526.592357
1452462526.612501
1452462526.632690
1452462526.652839
1452462526.672997
1452462526.693133
1452462526.713318
1452462526.733457
1452462526.753657
1452462526.773823
1452462526.793927
1452462526.814033
1452462526.834138
1452462526.854231
1452462526.874345
1452462526.894437
1452462526.914567
1452462526.934637
1452462526.954724
1452462526.974862
1452462526.994945
1452462527.015060
1452462527.035178
1452462527.055265
1452462527.075383
1452462527.095523
1452462527.115642
1452462527.135717
1452462527.155805
1452462527.175955
1452462527.195985
1452462527.216115
1452462527.236202
1452462527.256308
1452462527.276393
1452462527.296496
1452462527.316582
1452462527.336700
1452462527.356784
1452462527.376909
1452462527.397007
1452462527.417153
1452462527.437238
1452462527.457342
1452462527.477441
1452462527.497530
1452462527.517630
1452462527.537807
1452462527.557876
1452462527.577976
1452462527.598102
1452462527.618255
1452462527.638401
1452462527.658581
1452462527.678701
1452462527.698858
1452462527.718997
1452462527.739144
1452462527.759349
1452462527.779493
1452462527.799595
1452462527.819710
1452462527.839874
1452462527.859959
1452462527.880072
1452462527.900173
1452462527.920335
1452462527.940428
1452462527.960543
1452462527.980659
1452462528.000763
1452462528.020878
1452462528.040994
1452462528.061100
1452462528.081209
1452462528.101327
1452462528.121441
1452462528.141527
1452462528.161724
1452462528.181753
1452462528.201900
1452462528.222010
1452462528.242114
1452462528.262213
1452462528.282316
1452462528.302480
1452462528.322570
1452462528.342681
1452462528.362782
1452462528.382902
1452462528.403006
1452462528.423128
1452462528.443223
1452462528.463334
1452462528.483450
1452462528.503539
1452462528.523658
1452462528.543796
1452462528.563918
1452462528.584032
1452462528.604144
1452462528.624319
1452462528.644465
1452462528.664617
1452462528.684766
1452462528.704925
1452462528.725068
1452462528.745223
1452462528.765372
1452462528.785474
1452462528.805595
1452462528.825703
1452462528.845809
1452462528.865888
1452462528.885984
1452462528.906079
1452462528.926188
1452462528.946269
1452462528.966366
1452462528.986480
1452462529.006569
1452462529.026665
1452462529.046776
1452462529.066867
1452462529.086964
1452462529.107043
1452462529.127156
1452462529.147250
1452462529.167404
1452462529.187424
1452462529.207547
1452462529.227631
1452462529.247733
1452462529.267819
1452462529.287924
1452462529.308042
1452462529.328150
1452462529.348241
1452462529.368330
1452462529.388436
1452462529.408542
1452462529.428652
1452462529.448762
1452462529.468857
1452462529.488954
1452462529.509049
1452462529.529138
1452462529.549292
1452462529.569362
1452462529.589469
1452462529.609666
1452462529.629815
1452462529.650050
1452462529.670207
1452462529.690388
1452462529.710550
1452462529.730721
1452462529.750902
1452462529.771062
1452462529.791179
1452462529.811289
1452462529.831393
1452462529.851511
1452462529.871614
1452462529.891720
1452462529.911828
1452462529.931973
1452462529.952071
1452462529.972180
1452462529.992285
1452462530.012385
1452462530.032487
1452462530.052604
1452462530.072709
1452462530.092804
1452462530.112913
1452462530.133009
1452462530.153128
1452462530.173268
1452462530.193331
1452462530.213445
1452462530.233561
1452462530.253654
1452462530.273770
1452462530.293878
1452462530.314003
1452462530.334094
1452462530.354213
1452462530.374321
1452462530.394432
1452462530.414568
1452462530.434898
1452462530.454991
1452462530.475100
1452462530.495199
1452462530.515303
1452462530.535390
1452462530.555544
1452462530.575591
1452462530.595769
1452462530.615916
1452462530.636118
1452462530.656293
1452462530.676430
1452462530.696616
1452462530.716756
1452462530.736924
1452462530.757063
1452462530.777203
1452462530.797304
1452462530.817411
1452462530.837521
1452462530.857616
1452462530.877702
1452462530.897804
1452462530.917904
1452462530.938019
1452462530.958102
1452462530.978207
1452462530.998291
1452462531.018411
1452462531.038482
1452462531.058606
1452462531.078669
1452462531.098779
1452462531.118872
1452462531.138968
1452462531.159053
1452462531.179212
1452462531.199239
1452462531.219418
1452462531.239517
1452462531.259629
1452462531.279741
1452462531.299864
1452462531.319976
1452462531.340115
1452462531.360227
1452462531.380354
1452462531.400465
1452462531.420582
1452462531.440711
1452462531.460827
1452462531.480956
1452462531.501043
1452462531.521171
1452462531.541252
1452462531.561421
1452462531.581465
1452462531.601630
1452462531.621799
1452462531.641990
1452462531.662131
1452462531.682278
1452462531.702422
1452462531.722597
1452462531.742747
1452462531.762899
1452462531.783004
1452462531.803127
1452462531.823260
1452462531.843376
1452462531.863472
1452462531.883577
1452462531.903680
1452462531.923812
1452462531.943899
1452462531.964017
1452462531.984142
1452462532.004245
1452462532.024354
1452462532.044442
1452462532.064557
1452462532.084646
1452462532.104745
1452462532.124845
1452462532.144938
1452462532.165022
1452462532.185174
1452462532.205262
1452462532.225377
1452462532.245467
1452462532.265617
1452462532.285717
1452462532.305839
1452462532.325933
1452462532.346053
1452462532.366134
1452462532.386270
1452462532.406378
1452462532.426468
1452462532.446566
1452462532.466665
1452462532.486773
1452462532.506854
1452462532.526965
1452462532.547089
1452462532.567206
1452462532.587258
1452462532.607435
1452462532.627576
1452462532.647752
1452462532.667892
1452462532.688065
1452462532.708211
1452462532.728370
1452462532.748518
1452462532.768700
1452462532.788772
1452462532.808883
1452462532.828958
1452462532.849079
1452462532.869157
1452462532.889283
1452462532.909418
1452462532.929545
1452462532.949628
1452462532.969753
1452462532.989860
1452462533.009977
1452462533.030075
1452462533.050228
1452462533.070329
1452462533.090440
1452462533.110538
1452462533.130654
1452462533.150755
1452462533.170931
1452462533.190992
1452462533.211131
1452462533.231221
1452462533.251367
1452462533.271442
1452462533.291559
1452462533.311673
1452462533.331771
1452462533.351903
1452462533.372012
1452462533.392137
1452462533.412282
1452462533.432417
1452462533.452541
1452462533.472660
1452462533.492748
1452462533.512872
1452462533.532946
1452462533.553131
1452462533.573149
1452462533.593262
1452462533.613408
1452462533.633594
1452462533.653750
1452462533.673929
1452462533.694068
1452462533.714223
1452462533.734371
1452462533.754569
1452462533.774698
1452462533.794816
1452462533.814911
1452462533.835023
1452462533.855111
1452462533.875229
1452462533.895314
1452462533.915434
1452462533.935528
1452462533.955611
1452462533.975726
1452462533.995819
1452462534.015925
1452462534.036012
1452462534.056138
1452462534.076201
1452462534.096370
1452462534.116467
1452462534.136578
1452462534.156673
1452462534.176854
1452462534.196890
1452462534.216996
1452462534.237078
1452462534.257182
1452462534.277266
1452462534.297381
1452462534.317462
1452462534.337571
1452462534.357651
1452462534.377751
1452462534.397859
1452462534.417965
1452462534.438092
1452462534.458184
1452462534.478278
1452462534.498377
1452462534.518474
1452462534.538565
1452462534.558706
1452462534.578763
1452462534.598895
1452462534.619045
1452462534.639307
1452462534.659522
1452462534.679646
1452462534.699834
1452462534.720006
1452462534.740201
1452462534.760370
1452462534.780477
1452462534.800594
1452462534.820701
1452462534.840818
1452462534.860917
1452462534.881027
1452462534.901128
1452462534.921256
1452462534.941345
1452462534.961494
1452462534.981594
